 ------------------------------------------
  KMCF  27 51 -82 31
  ART   38 43 -71 51
  PANC  61 10 -149 59
  RJTY  35 45 139 21
  PHNL  21 19 -157 55
  TBPB  13 04 -59 29
  PAFA  64 48 -147 51
  TISX  17 42 -64 48
  PHJR  21 18 -158 04
  KLGB  33 46 -118 10
  PMDY  28 13 -177 22
  KRNO  39 29 -119 46
  BUOY  26 03 -85 37
  KJAX  30 30 -81 41
  KTBW  27 42 -82 24
  KEYW  24 36 -81 42
  KMLB  28 06 -80 45
  KAMX  25 37 -80 25
  EPSM  26 02 -85 23
  KARA  30 02 -91 53
  KSUU  38 16 -121 56
------------------------------------------

   































































































































































































